38  000000000000000000000000000000000000000000000000000000000000000000000000000000000000000000000000000000000000000000000000000000000000000000000000000
37  000000000000000000000000000000000000000000000000000000000000000000000000000000000000000000000000000000000000000000000000000000000000000000000000000
36  000000000000000000000001111111111111111100001111111111111111100000000000000000000000000000000000000000000000000000000000000000000000000000000000000
35  000000000000000000000001111111111111111100001111111111111111100000000000000000000000000000000000000000000000000000000000000000000000000000000000000
34  000000000000000000000001111111111111111100001111111111111111100000000000000000000000000000000000000000000000000000000000000000000000000000000000000
33  000000000000000000000001111111111111111100001111111111111111100000000000000000000000000000000000000000000000000000000000000000000000000000000000000
32  000000000000000000000001111121111121111100001111111101111111100000000000000000000000000000000000000000000000000000000000000000000000000000000000000
31  000000000000000000000001111111111111111100001111111111111111100000000000000000000000000000000000000000000000000000000000000000000000000000000000000
30  000000000000000000000001111111111111111100001111111111111111100000000000000000000000000000000000000000000000000000000000000000000000000000000000000
29  000000000000000000000001111111111111111100001111111111111111100000000000000000000000000000000000000000000000000000000000000000000000000000000000000
28  000000000000000000000001111111111111111100001111111111111111100000000000000000000000000000000000000000000000000000000000000000000000000000000000000
27  000000000000000000000000000000000000000000000000000000000000000000000000000000000000000000000000000000000000000000000000000000000000000000000000000
26  000000000000000000000000000000000000000000000000000000000000000000000000000000000000000000000000000000000000000000000000000000000000000000000000000
25  000000000000000000000000000000000000000000000000000000000000000000000000000000000000000000000000000000000000000000000000000000000000000000000000000
24  000000000000000000000000000000000000000000000000000000000000000000000000000000000000000000000000000000000000000000000000000000000000000000000000000
23  001111111111111111100001111111111111111100001111111111111111100001111111111111111100001111111111111111100001111111111111111100001111111111111111100
22  001111111111111111100001111111111111111100001111111111111111100001111111111111111100001111111111111111100001111111111111111100001111111111111111100
21  001111111111111111100001111111111111111100001111111111111111100001111111101111111100001111111111111111100001111111111111111100001111111111111111100
20  001111111111111111100001111111111111111100001111111111111111100001111111101111111100001111111111111111100001121111111112111100001111111111111111100
19  001111111101111111100001111111101111111100001111111111111111100001111110000011111100001111111111111111100001111111111111111100001111111101111111100
18  001111111111111111100001111111111111111100001111111111111111100001111111101111111100001111111111111111100001111211111111121100001111111111111111100
17  001111111111111111100001111111111111111100001111111111111111100001111111101111111100001111111111111111100001111111111111111100001111111111111111100
16  001111111111111111100001111111111111111100001111111111111111100001111111111111111100001111111111111111100001111111111111111100001111111111111111100
15  001111111111111111100001111111111111111100001111111111111111100001111111111111111100001111111111111111100001111111111111111100001111111111111111100
14  000000000000000000000000000000000000000000000000000000000000000000000000000000000000000000000000000000000000000000000000000000000000000000000000000
13  000000000000000000000000000000000000000000000000000000000000000000000000000000000000000000000000000000000000000000000000000000000000000000000000000
12  000000000000000000000000000000000000000000000000000000000000000000000000000000000000000000000000000000000000000000000000000000000000000000000000000
11  000000000000000000000000000000000000000000000000000000000000000000000000000000000000000000000000000000000000000000000000000000000000000000000000000
10  000000000000000000000000000000000000000000000000000000000000000000000000000000000000000000000000000000000001111111111111111100000000000000000000000
9   000000000000000000000000000000000000000000000000000000000000000000000000000000000000000000000000000000000001111111111111111100000000000000000000000
8   000000000000000000000000000000000000000000000000000000000000000000000000000000000000000000000000000000000001111111111111111100000000000000000000000
7   000000000000000000000000000000000000000000000000000000000000000000000000000000000000000000000000000000000001111111111111111100000000000000000000000
6   000000000000000000000000000000000000000000000000000000000000000000000000000000000000000000000000000000000001111111111111111100000000000000000000000
5   000000000000000000000000000000000000000000000000000000000000000000000000000000000000000000000000000000000001111111111111111100000000000000000000000
4   000000000000000000000000000000000000000000000000000000000000000000000000000000000000000000000000000000000001111111111111111100000000000000000000000
3   000000000000000000000000000000000000000000000000000000000000000000000000000000000000000000000000000000000001111111111111111100000000000000000000000
2   000000000000000000000000000000000000000000000000000000000000000000000000000000000000000000000000000000000001111111111111111100000000000000000000000
1   000000000000000000000000000000000000000000000000000000000000000000000000000000000000000000000000000000000000000000000000000000000000000000000000000
0   000000000000000000000000000000000000000000000000000000000000000000000000000000000000000000000000000000000000000000000000000000000000000000000000000
94  -52 19  -19 