38  000000000000000000000000000000000000000000000000000000000000000000000000000000000000000000000000000000000000000000000000000000000000000000000000000
37  000000000000000000000000000000000000000000000000000000000000000000000000000000000000000000000000000000000000000000000000000000000000000000000000000
36  001111111111111111100001111111111111111100000000000000000000000000000000000000000000000000000000000000000000000000000000000000000000000000000000000
35  001111111111111111100001111111111111111100000000000000000000000000000000000000000000000000000000000000000000000000000000000000000000000000000000000
34  001111112111211111100001111111111111111100000000000000000000000000000000000000000000000000000000000000000000000000000000000000000000000000000000000
33  001111111111111111100001111111111111111100000000000000000000000000000000000000000000000000000000000000000000000000000000000000000000000000000000000
32  001111111111111111100001111111101111111100000000000000000000000000000000000000000000000000000000000000000000000000000000000000000000000000000000000
31  001111111111111111100001111111111111111100000000000000000000000000000000000000000000000000000000000000000000000000000000000000000000000000000000000
30  001111112111211111100001111111111111111100000000000000000000000000000000000000000000000000000000000000000000000000000000000000000000000000000000000
29  001111111111111111100001111111111111111100000000000000000000000000000000000000000000000000000000000000000000000000000000000000000000000000000000000
28  001111111111111111100001111111111111111100000000000000000000000000000000000000000000000000000000000000000000000000000000000000000000000000000000000
27  000000000000000000000000000000000000000000000000000000000000000000000000000000000000000000000000000000000000000000000000000000000000000000000000000
26  000000000000000000000000000000000000000000000000000000000000000000000000000000000000000000000000000000000000000000000000000000000000000000000000000
25  000000000000000000000000000000000000000000000000000000000000000000000000000000000000000000000000000000000000000000000000000000000000000000000000000
24  000000000000000000000000000000000000000000000000000000000000000000000000000000000000000000000000000000000000000000000000000000000000000000000000000
23  001111111111111111100001111111111111111100001111111111111111100001111111111111111100000000000000000000000000000000000000000000000000000000000000000
22  001111111111111111100001111111111111111100001011111111111110100001111111111111111100000000000000000000000000000000000000000000000000000000000000000
21  001111111111111111100001111111111111111100001111111111111111100001111111111111111100000000000000000000000000000000000000000000000000000000000000000
20  001111111111111111100001111111111111111100001111111111111111100001111111111111111100000000000000000000000000000000000000000000000000000000000000000
19  001111111101111111100001111111111111111100001111111101111111100001111111111111111100000000000000000000000000000000000000000000000000000000000000000
18  001111111111111111100001111111111111111100001111111111111111100001111111111111111100000000000000000000000000000000000000000000000000000000000000000
17  001111111111111111100001111111111111111100001111111111111111100001111111111111111100000000000000000000000000000000000000000000000000000000000000000
16  001111111111111111100001111111111111111100001011111111111110100001111111111111111100000000000000000000000000000000000000000000000000000000000000000
15  001111111111111111100001111111111111111100001111111111111111100001111111111111111100000000000000000000000000000000000000000000000000000000000000000
14  000000000000000000000000000000000000000000000000000000000000000000000000000000000000000000000000000000000000000000000000000000000000000000000000000
13  000000000000000000000000000000000000000000000000000000000000000000000000000000000000000000000000000000000000000000000000000000000000000000000000000
12  000000000000000000000000000000000000000000000000000000000000000000000000000000000000000000000000000000000000000000000000000000000000000000000000000
11  000000000000000000000000000000000000000000000000000000000000000000000000000000000000000000000000000000000000000000000000000000000000000000000000000
10  000000000000000000000000000000000000000000000000000000000000000001111111111111111100001111111111111111100000111011111111111100001111111111111111100
9   000000000000000000000000000000000000000000000000000000000000000001111111111111111100001111111111111111100000111011111111111100001111111111111111100
8   000000000000000000000000000000000000000000000000000000000000000001111111111111111100001111111111111111100000000011111111111100001111111111111111100
7   000000000000000000000000000000000000000000000000000000000000000001111111110111111100001111111111111111100001111111111111111100001111111111111111100
6   000000000000000000000000000000000000000000000000000000000000000001111111101111111100001111111101111111100001111111111111111100001111111111111111100
5   000000000000000000000000000000000000000000000000000000000000000001111111011111111100001111111111111111100001111111111111111100001111111111111111100
4   000000000000000000000000000000000000000000000000000000000000000001111111111111111100001111111111111111100001111111111110000000001111111111111111100
3   000000000000000000000000000000000000000000000000000000000000000001111111111111111100001111111111111111100001111111111110111000001111111111111111100
2   000000000000000000000000000000000000000000000000000000000000000001111111111111111100001111111111111111100001111111111110111000001111111111111111100
1   000000000000000000000000000000000000000000000000000000000000000000000000000000000000000000000000000000000000000000000000000000000000000000000000000
0   000000000000000000000000000000000000000000000000000000000000000000000000000000000000000000000000000000000000000000000000000000000000000000000000000
73  -73 19  -19 